Year	Block	Plot	Nitrogen	Fungicide	SLA	Sown_SLA	Delta_SLA
2016	a	1	1	1	19.54620263	19.31938966	0.226812966
2016	a	4	1	0	19.68253962	19.68253962	0
2016	a	6	0	0	22.20171836	22.20171836	0
2016	a	8	1	0	29.00207717	29.00207717	0
2016	a	11	0	1	17.36853141	17.77099713	-0.402465717
2016	a	13	0	1	24.93027745	25.77015108	-0.839873638
2016	a	15	0	0	7.925057055	22.98337191	-15.05831486
2016	a	16	1	1	16.56569285	16.56569285	0
2016	a	17	1	0	23.90651665	23.90651665	0
2016	a	18	0	0	15.93834531	23.2493338	-7.310988495
2016	a	20	1	1	35.89425271	35.89425271	0
2016	a	21	0	0	22.07279284	23.01080721	-0.938014372
2016	a	24	1	0	21.53932405	23.05580463	-1.516480583
2016	a	25	1	0	18.60658873	20.1053642	-1.498775469
2016	a	26	1	1	25.5689122	25.5689122	0
2016	a	30	1	0	12.6041831	12.6041831	0
2016	a	31	0	1	NA	NA	NA
2016	a	32	1	0	21.24763488	21.24763488	0
2016	a	33	0	1	10.73376978	23.91699759	-13.18322781
2016	a	35	0	0	23.66201106	23.04766924	0.614341815
2016	a	36	0	1	23.67077435	25.73904165	-2.068267295
2016	a	39	0	1	23.91341989	19.92250088	3.990919014
2016	a	40	1	0	22.30518075	23.68783023	-1.38264948
2016	a	41	1	1	14.52437409	18.53102406	-4.006649973
2016	a	42	1	0	18.31411481	19.95810965	-1.643994836
2016	a	43	1	0	19.41211828	20.90325467	-1.491136389
2016	a	44	0	1	7.62488188	20.18162394	-12.55674206
2016	a	45	1	1	19.91097408	19.91097408	0
2016	a	46	0	0	13.15714915	18.19563477	-5.038485621
2016	a	47	0	1	15.9375312	15.9375312	0
2016	a	48	1	1	21.89458284	26.02303548	-4.128452638
2016	a	49	0	1	18.22451843	18.6577072	-0.433188772
2016	a	50	1	1	15.75761387	18.44809501	-2.690481148
2016	a	52	1	0	21.11339179	21.11339179	0
2016	a	53	0	1	2.824556832	24.00873307	-21.18417624
2016	a	54	0	0	14.48823508	21.52980141	-7.041566329
2016	a	56	0	0	18.35468241	18.35468241	0
2016	a	58	0	0	27.94478658	24.24379726	3.700989319
2016	a	59	1	0	20.7018649	20.90325467	-0.20138977
2016	a	60	0	1	25.68389943	25.68389943	0
2016	a	66	0	0	5.170081102	17.58489315	-12.41481205
2016	a	67	0	0	18.02001269	18.02001269	0
2016	a	68	0	0	14.42893714	22.16363273	-7.734695582
2016	a	69	1	1	22.1795043	24.53251879	-2.353014495
2016	a	70	0	0	16.60350116	22.37499201	-5.771490856
2016	a	71	0	1	9.921593922	9.921593922	0
2016	a	74	0	1	24.63145627	27.74588178	-3.114425512
2016	a	75	1	0	22.24860714	22.14211742	0.106489724
2016	a	78	1	0	26.45097596	26.45097596	0
2016	a	79	1	1	18.99655508	18.99655508	0
2016	a	80	1	0	22.52247381	24.20057144	-1.678097624
2016	a	81	0	1	NA	NA	NA
2016	a	82	0	1	14.6889101	18.13909782	-3.450187716
2016	a	83	1	1	19.83281716	21.64058561	-1.807768446
2016	b	86	0	1	23.91171516	26.60245356	-2.690738409
2016	b	88	1	0	22.30898018	22.30898018	0
2016	b	89	1	1	23.05327938	26.79786748	-3.744588096
2016	b	90	0	0	19.30975052	24.05626729	-4.746516773
2016	b	91	1	1	23.33628943	23.33628943	0
2016	b	93	0	0	30.12115985	30.12115985	0
2016	b	94	1	0	21.7909922	22.11458183	-0.323589637
2016	b	95	0	0	22.13977619	22.13977619	0
2016	b	96	0	1	16.51190135	16.51190135	0
2016	b	97	1	1	11.5816663	11.5816663	0
2016	b	98	1	0	14.05273276	19.87599767	-5.823264915
2016	b	99	1	0	19.60987092	20.90325467	-1.293383752
2016	b	100	0	1	23.34466512	19.23091716	4.113747966
2016	b	102	1	1	23.91725522	27.207648	-3.290392779
2016	b	106	1	1	22.86168951	24.12213666	-1.260447153
2016	b	107	1	1	19.69547807	22.14984532	-2.454367258
2016	b	108	0	1	19.67127972	19.96106674	-0.28978702
2016	b	109	0	1	18.58089003	18.69451762	-0.11362759
2016	b	110	0	1	19.22281747	22.50664578	-3.283828313
2016	b	113	1	1	23.69217797	23.69217797	0
2016	b	114	0	0	38.7212099	38.7212099	0
2016	b	115	1	1	19.91448996	19.91448996	0
2016	b	117	0	0	21.76508402	23.01080721	-1.245723197
2016	b	119	0	0	NA	NA	NA
2016	b	120	0	1	14.81406647	16.70070354	-1.886637073
2016	b	121	0	1	16.17080161	16.17080161	0
2016	b	122	0	0	21.53441698	22.67201386	-1.137596879
2016	b	124	1	1	20.04543979	20.11306998	-0.067630183
2016	b	125	0	0	15.42403635	21.39812496	-5.974088609
2016	b	126	0	1	21.42874814	21.42874814	0
2016	b	127	0	1	13.44471772	17.04039649	-3.59567877
2016	b	129	0	0	21.91678156	21.91678156	0
2016	b	130	1	0	19.22880987	19.22880987	0
2016	b	134	0	1	12.63312901	12.63312901	0
2016	b	135	0	0	26.58501509	27.4228715	-0.837856406
2016	b	136	0	0	25.36677169	26.5515367	-1.184765013
2016	b	137	1	0	13.39705729	16.2370046	-2.839947302
2016	b	138	0	0	20.22157353	20.40840986	-0.186836331
2016	b	140	0	1	15.43296531	24.00873307	-8.575767766
2016	b	142	1	0	24.58355396	23.34667741	1.236876554
2016	b	144	1	1	22.75663034	20.66217943	2.094450909
2016	b	146	1	1	32.36185383	32.36185383	0
2016	b	148	0	1	18.25243769	18.25243769	0
2016	b	149	1	1	18.57452901	18.13637747	0.438151547
2016	b	150	1	1	15.56174247	19.14076495	-3.579022485
2016	b	152	1	1	14.11572962	23.35590667	-9.240177052
2016	b	155	0	0	13.49407321	19.13069756	-5.636624348
2016	b	156	1	0	NA	NA	NA
2016	b	157	1	1	12.80971812	16.94897814	-4.139260021
2016	b	158	0	1	17.49412615	20.73437649	-3.240250344
2016	b	159	0	0	25.36184777	30.25305043	-4.891202667
2016	b	164	0	1	21.24098953	21.24098953	0
2016	b	166	1	1	19.92694956	21.64058561	-1.713636049
2016	b	167	0	1	NA	NA	NA
2016	c	169	0	1	20.93922338	20.93922338	0
2016	c	171	0	1	19.55207248	20.73437649	-1.18230401
2016	c	172	1	0	21.84879102	21.7517159	0.097075112
2016	c	174	1	0	15.08620225	19.17631683	-4.090114583
2016	c	176	1	0	21.21391317	21.21391317	0
2016	c	178	1	0	20.5431941	20.5431941	0
2016	c	180	1	0	13.38254829	19.02755028	-5.645001986
2016	c	181	1	0	20.24570025	20.27304397	-0.027343716
2016	c	182	0	1	27.07824277	27.07824277	0
2016	c	183	1	0	20.98926148	22.29288092	-1.303619442
2016	c	184	1	1	27.07781666	26.00651088	1.071305786
2016	c	185	1	1	19.36017953	20.55799708	-1.197817555
2016	c	189	1	1	22.09001552	23.24634726	-1.156331744
2016	c	190	1	1	22.66290619	21.64058561	1.022320582
2016	c	191	0	1	16.37200304	18.33370018	-1.961697133
2016	c	195	1	1	27.35639739	24.12573585	3.23066154
2016	c	197	1	1	21.97327779	21.97327779	0
2016	c	198	0	0	NA	NA	NA
2016	c	199	0	0	12.33126961	12.33126961	0
2016	c	200	0	0	28.84701707	24.24379726	4.603219801
2016	c	201	1	0	11.95525863	18.39452402	-6.439265389
2016	c	202	1	0	22.30525711	22.30525711	0
2016	c	204	1	0	15.71687967	19.79932892	-4.082449249
2016	c	205	0	1	21.01339681	27.20499165	-6.191594837
2016	c	206	0	1	24.77234967	26.97787397	-2.205524297
2016	c	207	0	0	14.78856161	20.78310491	-5.9945433
2016	c	208	1	1	14.90471471	17.95027333	-3.045558621
2016	c	210	1	0	NA	NA	NA
2016	c	211	0	0	14.52000278	19.9911851	-5.471182322
2016	c	212	0	1	20.96439407	20.96439407	0
2016	c	215	1	0	16.42318851	20.33432608	-3.911137569
2016	c	216	1	0	21.14499144	21.14499144	0
2016	c	218	0	0	30.6579283	28.20925052	2.448677788
2016	c	219	0	0	22.80239826	22.80239826	0
2016	c	222	1	1	18.62774606	21.3170716	-2.68932554
2016	c	224	1	0	20.46090782	20.46090782	0
2016	c	225	0	1	15.64210596	17.27238607	-1.630280111
2016	c	228	1	0	20.06935354	23.16010443	-3.090750895
2016	c	229	1	1	13.11784506	13.11784506	0
2016	c	230	0	1	17.77806464	18.10993902	-0.331874377
2016	c	231	1	0	18.61624895	20.98970141	-2.373452458
2016	c	232	1	0	30.17965224	30.17965224	0
2016	c	233	1	1	20.64215152	21.64058561	-0.998434085
2016	c	234	1	1	19.65998744	19.65998744	0
2016	c	235	0	0	21.7891415	22.34514639	-0.556004888
2016	c	237	1	1	23.03809769	25.52468556	-2.486587871
2016	c	241	1	0	20.66363568	21.28148948	-0.617853807
2016	c	242	0	0	29.17825201	29.17825201	0
2016	c	243	0	0	22.34770898	23.54691012	-1.199201135
2016	c	244	1	1	19.22638781	20.07386064	-0.847472826
2016	c	247	0	0	21.34036474	23.01080721	-1.670442474
2016	c	248	1	1	26.95115262	26.95115262	0
2016	c	250	0	0	28.79032686	28.79032686	0
2016	c	251	1	1	NA	NA	NA
2016	d	253	0	0	14.35682678	27.10128957	-12.74446279
2016	d	256	0	0	13.85015846	23.00401931	-9.153860843
2016	d	258	0	0	16.02688442	19.03369566	-3.006811243
2016	d	260	1	1	13.48910066	16.94030877	-3.451208113
2016	d	262	1	1	17.22315016	17.22315016	0
2016	d	263	0	0	27.95867401	27.56744177	0.391232236
2016	d	266	1	0	13.645067	19.93808131	-6.293014302
2016	d	267	1	1	25.73762709	27.11065652	-1.373029423
2016	d	268	1	0	16.23309478	21.03947153	-4.806376746
2016	d	269	1	0	19.67099857	20.92554676	-1.254548191
2016	d	271	1	1	17.38538638	18.94874261	-1.563356226
2016	d	273	1	0	18.50667814	18.70866149	-0.201983349
2016	d	274	1	1	24.31562554	24.31562554	0
2016	d	275	1	0	10.82684437	10.82684437	0
2016	d	278	0	1	25.79055947	25.79055947	0
2016	d	279	1	0	16.42429107	16.42429107	0
2016	d	281	0	0	13.25300475	13.25300475	0
2016	d	282	0	1	14.08222983	17.31530939	-3.233079559
2016	d	284	0	0	19.16631588	19.87175656	-0.705440681
2016	d	286	0	0	23.66981988	23.66981988	0
2016	d	287	0	1	23.47670672	26.05050985	-2.57380313
2016	d	289	1	0	21.51438554	23.70327558	-2.188890039
2016	d	290	0	0	19.60025198	23.01080721	-3.410555231
2016	d	291	1	0	14.96856028	20.45039615	-5.481835864
2016	d	292	0	1	40.40065069	40.40065069	0
2016	d	294	0	1	21.89777127	21.89777127	0
2016	d	295	0	1	19.51181645	20.73437649	-1.222560041
2016	d	297	1	1	29.48085398	26.00651088	3.474343103
2016	d	298	1	1	18.70652618	18.70652618	0
2016	d	299	0	1	24.54831105	24.54831105	0
2016	d	304	0	0	26.93278303	24.9585469	1.974236129
2016	d	305	1	0	23.57858069	22.66168098	0.916899711
2016	d	307	1	1	16.99173225	19.45788516	-2.466152905
2016	d	308	1	0	19.64646619	20.90325467	-1.256788479
2016	d	309	0	1	11.23574872	16.129021	-4.893272288
2016	d	310	0	1	22.27271553	21.88401601	0.388699513
2016	d	312	0	1	17.87402527	16.65532417	1.218701095
2016	d	313	0	0	30.25138921	30.25138921	0
2016	d	315	1	1	NA	NA	NA
2016	d	317	0	1	15.72498028	23.84281414	-8.117833857
2016	d	318	0	0	22.07785077	22.07785077	0
2016	d	321	0	1	13.08421573	13.08421573	0
2016	d	322	0	0	26.82318539	25.15032982	1.672855564
2016	d	323	1	1	23.64573891	24.29160614	-0.645867227
2016	d	325	0	1	18.94491766	21.62850679	-2.683589129
2016	d	326	1	0	21.11884141	23.34667741	-2.227836004
2016	d	327	1	0	17.6144235	17.6144235	0
2016	d	328	0	1	16.54456872	20.73437649	-4.189807768
2016	d	329	0	0	NA	NA	NA
2016	d	330	1	1	19.76011179	19.76011179	0
2016	d	333	1	1	21.08792547	21.04733723	0.040588241
2016	d	334	0	0	20.56322103	20.56322103	0
2016	d	335	0	0	16.79084929	16.79084929	0
2016	d	336	1	0	15.9667306	20.02149626	-4.054765665
2017	a	1	1	1	19.87018792	19.57731348	0.29287444
2017	a	4	1	0	21.53801197	21.53801197	0
2017	a	6	0	0	13.76658124	13.76658124	0
2017	a	8	1	0	23.08889331	23.08889331	0
2017	a	11	0	1	15.25059557	16.89446048	-1.643864902
2017	a	13	0	1	20.67416665	20.70118852	-0.027021865
2017	a	15	0	0	16.59630325	16.17834433	0.417958916
2017	a	16	1	1	18.22111308	18.22111308	0
2017	a	17	1	0	25.58882338	25.58882338	0
2017	a	18	0	0	19.94011109	18.69560642	1.244504665
2017	a	20	1	1	36.02969925	36.02969925	0
2017	a	21	0	0	16.11412896	18.26183688	-2.147707922
2017	a	24	1	0	21.12735607	25.02222763	-3.894871553
2017	a	25	1	0	16.74630566	16.39994158	0.346364078
2017	a	26	1	1	21.92549286	21.92549286	0
2017	a	30	1	0	16.6812348	16.6812348	0
2017	a	31	0	1	20.37670845	20.37670845	0
2017	a	32	1	0	23.09531366	23.09531366	0
2017	a	33	0	1	16.7336776	27.60580991	-10.87213231
2017	a	35	0	0	18.11730486	18.29688307	-0.179578218
2017	a	36	0	1	19.78441159	25.9420668	-6.15765521
2017	a	39	0	1	17.93765903	18.27168411	-0.334025077
2017	a	40	1	0	24.2612992	24.47106216	-0.209762958
2017	a	41	1	1	14.89458512	16.22859294	-1.334007821
2017	a	42	1	0	15.70723604	15.41074822	0.296487825
2017	a	43	1	0	18.18963635	19.72849315	-1.538856799
2017	a	44	0	1	15.2308824	17.795461	-2.564578596
2017	a	45	1	1	16.47540128	16.47540128	0
2017	a	46	0	0	13.76529984	14.81449999	-1.049200143
2017	a	47	0	1	14.20191414	14.20191414	0
2017	a	48	1	1	21.40769715	23.47988687	-2.072189714
2017	a	49	0	1	15.36545051	18.09058772	-2.725137212
2017	a	50	1	1	14.37612192	15.63230275	-1.256180833
2017	a	52	1	0	20.36870624	20.36870624	0
2017	a	53	0	1	20.79667009	20.83424608	-0.037575995
2017	a	54	0	0	15.62025367	15.9999096	-0.379655922
2017	a	56	0	0	18.91895242	18.91895242	0
2017	a	58	0	0	22.69101539	21.33976943	1.351245956
2017	a	59	1	0	19.55006131	19.72849315	-0.178431837
2017	a	60	0	1	20.60917434	20.60917434	0
2017	a	66	0	0	14.90264403	16.25352567	-1.350881636
2017	a	67	0	0	17.49997309	17.49997309	0
2017	a	68	0	0	15.07414204	16.27511369	-1.200971652
2017	a	69	1	1	21.61443181	22.1161708	-0.501738992
2017	a	70	0	0	16.57665176	18.54011133	-1.963459569
2017	a	71	0	1	12.39939201	12.39939201	0
2017	a	74	0	1	19.80081889	33.86968941	-14.06887052
2017	a	75	1	0	19.95750272	19.55271837	0.404784346
2017	a	78	1	0	28.12857848	28.12857848	0
2017	a	79	1	1	14.50518995	14.50518995	0
2017	a	80	1	0	19.99186558	23.87221482	-3.880349234
2017	a	81	0	1	NA	NA	NA
2017	a	82	0	1	15.40732532	17.37409976	-1.966774435
2017	a	83	1	1	17.03743742	19.48206313	-2.444625714
2017	b	86	0	1	20.39587935	26.01995987	-5.624080524
2017	b	88	1	0	16.0044643	16.0044643	0
2017	b	89	1	1	20.65267529	23.74741364	-3.094738354
2017	b	90	0	0	13.59341307	17.26516841	-3.671755336
2017	b	91	1	1	21.39306821	21.39306821	0
2017	b	93	0	0	20.85537508	20.85537508	0
2017	b	94	1	0	23.93461459	21.73708661	2.197527983
2017	b	95	0	0	15.04704963	15.04704963	0
2017	b	96	0	1	18.54552126	18.54552126	0
2017	b	97	1	1	11.05783957	11.05783957	0
2017	b	98	1	0	16.64021743	17.13112749	-0.490910057
2017	b	99	1	0	18.35050378	19.72849315	-1.377989368
2017	b	100	0	1	19.9822837	18.94911423	1.033169476
2017	b	102	1	1	19.44135605	20.95023908	-1.508883027
2017	b	106	1	1	21.490194	25.12416809	-3.633974081
2017	b	107	1	1	18.0781271	19.73000563	-1.651878529
2017	b	108	0	1	18.56026272	19.04969314	-0.489430423
2017	b	109	0	1	15.97245505	15.38714209	0.585312962
2017	b	110	0	1	18.0652173	23.03596158	-4.970744281
2017	b	113	1	1	19.10223068	19.10223068	0
2017	b	114	0	0	NA	NA	NA
2017	b	115	1	1	21.90462543	21.90462543	0
2017	b	117	0	0	17.18625278	18.26183688	-1.075584099
2017	b	119	0	0	18.55330326	18.55330326	0
2017	b	120	0	1	16.24535434	16.66102369	-0.415669352
2017	b	121	0	1	17.21599831	17.21599831	0
2017	b	122	0	0	15.70534066	17.69992255	-1.994581896
2017	b	124	1	1	18.23481103	17.09105564	1.143755399
2017	b	125	0	0	16.71572254	15.88575208	0.829970459
2017	b	126	0	1	18.10400056	18.10400056	0
2017	b	127	0	1	16.43888501	16.64275203	-0.203867018
2017	b	129	0	0	18.7179203	18.7179203	0
2017	b	130	1	0	21.69828286	21.69828286	0
2017	b	134	0	1	13.2224221	13.2224221	0
2017	b	135	0	0	22.79360002	21.85382895	0.939771067
2017	b	136	0	0	21.81266537	20.84276433	0.969901039
2017	b	137	1	0	17.82422031	18.62455725	-0.800336939
2017	b	138	0	0	18.13271452	20.47594562	-2.343231106
2017	b	140	0	1	21.39054051	20.71986167	0.670678833
2017	b	142	1	0	26.65219292	25.08513794	1.567054982
2017	b	144	1	1	17.85021222	17.35210901	0.49810321
2017	b	146	1	1	19.70775593	19.70775593	0
2017	b	148	0	1	14.64069855	14.64069855	0
2017	b	149	1	1	14.80140724	15.77352196	-0.972114712
2017	b	150	1	1	15.3708108	16.62452629	-1.253715487
2017	b	152	1	1	13.88775406	22.01910389	-8.131349832
2017	b	155	0	0	12.50747643	15.15544523	-2.647968793
2017	b	156	1	0	NA	NA	NA
2017	b	157	1	1	13.77777539	15.36613025	-1.588354862
2017	b	158	0	1	17.64488361	20.46987399	-2.824990381
2017	b	159	0	0	19.82640378	19.78664769	0.03975609
2017	b	164	0	1	12.02665535	12.02665535	0
2017	b	166	1	1	16.98546191	19.48206313	-2.49660122
2017	b	167	0	1	20.1341328	20.1341328	0
2017	c	169	0	1	20.7637043	20.7637043	0
2017	c	171	0	1	18.87539207	20.46987399	-1.594481917
2017	c	172	1	0	18.00535189	18.3234745	-0.318122611
2017	c	174	1	0	15.33626853	16.19337208	-0.857103545
2017	c	176	1	0	15.35012467	15.35012467	0
2017	c	178	1	0	13.95940309	13.95940309	0
2017	c	180	1	0	16.69585436	16.48947844	0.206375919
2017	c	181	1	0	17.39919067	16.74762198	0.651568693
2017	c	182	0	1	21.60490115	21.60490115	0
2017	c	183	1	0	20.58047953	22.37491381	-1.794434279
2017	c	184	1	1	23.10182176	22.97021166	0.131610094
2017	c	185	1	1	17.1747754	18.55381282	-1.379037418
2017	c	189	1	1	16.98254245	19.55325976	-2.570717311
2017	c	190	1	1	15.77019079	19.48206313	-3.711872347
2017	c	191	0	1	14.74381136	18.11670885	-3.372897487
2017	c	195	1	1	18.6729484	18.11999484	0.552953561
2017	c	197	1	1	19.93842058	19.93842058	0
2017	c	198	0	0	16.76024511	16.76024511	0
2017	c	199	0	0	10.06937386	10.06937386	0
2017	c	200	0	0	22.71026337	22.26859149	0.441671872
2017	c	201	1	0	16.33966779	16.97599594	-0.636328149
2017	c	202	1	0	17.50635146	17.50635146	0
2017	c	204	1	0	17.64550478	16.39132099	1.254183791
2017	c	205	0	1	20.48551449	26.05083244	-5.565317953
2017	c	206	0	1	21.48841626	25.9943747	-4.505958445
2017	c	207	0	0	18.45535994	19.27747438	-0.822114446
2017	c	208	1	1	17.67927129	16.69259245	0.986678841
2017	c	210	1	0	17.33085186	17.33085186	0
2017	c	211	0	0	14.42424187	16.26164255	-1.837400674
2017	c	212	0	1	18.78554643	18.78554643	0
2017	c	215	1	0	19.58243264	22.76747986	-3.185047222
2017	c	216	1	0	16.68776858	16.68776858	0
2017	c	218	0	0	17.65639086	20.76202503	-3.105634168
2017	c	219	0	0	20.91366146	20.91366146	0
2017	c	222	1	1	16.25772507	19.82719726	-3.569472196
2017	c	224	1	0	15.75418567	15.75418567	0
2017	c	225	0	1	16.21238559	17.2565491	-1.044163511
2017	c	228	1	0	20.37594391	23.09395164	-2.718007736
2017	c	229	1	1	13.689779	13.689779	0
2017	c	230	0	1	17.08845309	16.99733924	0.091113848
2017	c	231	1	0	19.66555234	21.0222506	-1.356698261
2017	c	232	1	0	35.08687864	35.08687864	0
2017	c	233	1	1	17.4911231	19.48206313	-1.990940027
2017	c	234	1	1	19.27551145	19.27551145	0
2017	c	235	0	0	25.71662455	22.94581164	2.770812908
2017	c	237	1	1	22.09360658	26.19734897	-4.103742386
2017	c	241	1	0	19.98828238	18.76600161	1.222280769
2017	c	242	0	0	20.70601898	20.70601898	0
2017	c	243	0	0	17.86729462	21.75558073	-3.888286106
2017	c	244	1	1	14.6153175	14.81629287	-0.200975369
2017	c	247	0	0	18.57889346	18.26183688	0.317056572
2017	c	248	1	1	26.4836868	26.4836868	0
2017	c	250	0	0	15.40610949	15.40610949	0
2017	c	251	1	1	NA	NA	NA
2017	d	253	0	0	13.19594967	15.30157917	-2.1056295
2017	d	256	0	0	15.77983766	15.85822723	-0.078389575
2017	d	258	0	0	13.30229669	15.42528364	-2.122986952
2017	d	260	1	1	14.35871588	18.47109322	-4.11237734
2017	d	262	1	1	15.04395058	15.04395058	0
2017	d	263	0	0	23.06883761	22.25214307	0.81669454
2017	d	266	1	0	16.43992222	16.77968103	-0.339758805
2017	d	267	1	1	20.54272757	24.15073681	-3.60800924
2017	d	268	1	0	16.96741222	19.4862457	-2.518833479
2017	d	269	1	0	17.72710555	17.34280023	0.384305325
2017	d	271	1	1	17.15318357	16.29553386	0.857649716
2017	d	273	1	0	17.74069518	19.358532	-1.617836814
2017	d	274	1	1	14.39219672	14.39219672	0
2017	d	275	1	0	11.44608706	11.44608706	0
2017	d	278	0	1	21.42418071	21.42418071	0
2017	d	279	1	0	18.94813035	18.94813035	0
2017	d	281	0	0	10.982634	10.982634	0
2017	d	282	0	1	15.62928604	16.6058336	-0.976547564
2017	d	284	0	0	17.23216154	16.03606729	1.196094245
2017	d	286	0	0	23.30354619	23.30354619	0
2017	d	287	0	1	21.54879324	30.09865367	-8.549860427
2017	d	289	1	0	23.34111701	26.57340142	-3.23228441
2017	d	290	0	0	16.66676324	18.26183688	-1.595073647
2017	d	291	1	0	17.856372	20.64529476	-2.788922754
2017	d	292	0	1	59.78571429	59.78571429	0
2017	d	294	0	1	21.05964965	21.05964965	0
2017	d	295	0	1	16.88023872	20.46987399	-3.589635264
2017	d	297	1	1	21.3523133	22.93845661	-1.586143303
2017	d	298	1	1	22.62392708	22.62392708	0
2017	d	299	0	1	20.21397015	20.21397015	0
2017	d	304	0	0	24.03323522	22.20232443	1.830910793
2017	d	305	1	0	25.55388354	21.16601616	4.38786738
2017	d	307	1	1	16.21066581	16.65951174	-0.448845932
2017	d	308	1	0	19.31573686	19.72849315	-0.412756293
2017	d	309	0	1	13.51586161	16.06549828	-2.549636678
2017	d	310	0	1	14.49949627	16.76445037	-2.264954096
2017	d	312	0	1	16.58249046	18.33380856	-1.751318094
2017	d	313	0	0	19.07511853	19.07511853	0
2017	d	315	1	1	23.06547683	23.06547683	0
2017	d	317	0	1	20.68014517	20.35544823	0.324696938
2017	d	318	0	0	22.71277971	22.71277971	0
2017	d	321	0	1	23.81332123	23.81332123	0
2017	d	322	0	0	19.67547182	19.26625096	0.409220858
2017	d	323	1	1	21.72790583	23.51283896	-1.784933124
2017	d	325	0	1	18.4788572	23.77415298	-5.295295783
2017	d	326	1	0	23.82969284	23.14656642	0.683126413
2017	d	327	1	0	16.57927944	16.57927944	0
2017	d	328	0	1	17.77655924	20.46987399	-2.693314748
2017	d	329	0	0	NA	NA	NA
2017	d	330	1	1	15.32383421	15.32383421	0
2017	d	333	1	1	17.28271935	19.39995457	-2.117235226
2017	d	334	0	0	29.01273565	29.01273565	0
2017	d	335	0	0	16.41168589	16.41168589	0
2017	d	336	1	0	16.67718224	17.04571445	-0.368532212
2018	a	1	1	1	20.48804702	25.25	-4.761952978
2018	a	4	1	0	19.80261576	19.80261576	0
2018	a	6	0	0	14.53057095	14.53057095	0
2018	a	8	1	0	NA	NA	NA
2018	a	11	0	1	16.5217431	15.53170695	0.990036146
2018	a	13	0	1	22.8757145	17.625	5.2507145
2018	a	15	0	0	19.2686691	24	-4.731330901
2018	a	16	1	1	14.92931853	14.92931853	0
2018	a	17	1	0	24.13417178	24.13417178	0
2018	a	18	0	0	19.51562595	17.91172463	1.603901319
2018	a	20	1	1	NA	NA	NA
2018	a	21	0	0	16.01982534	18.3182812	-2.298455867
2018	a	24	1	0	18.66996247	24.375	-5.705037526
2018	a	25	1	0	15.05991544	26.25	-11.19008456
2018	a	26	1	1	19.24832811	19.24832811	0
2018	a	30	1	0	12.95660247	12.95660247	0
2018	a	31	0	1	14.21758448	14.21758448	0
2018	a	32	1	0	17.49880746	17.49880746	0
2018	a	33	0	1	17.22064945	19.375	-2.15435055
2018	a	35	0	0	19.03302364	19.06377039	-0.03074675
2018	a	36	0	1	21.0864075	20.95397717	0.13243033
2018	a	39	0	1	15.8901514	21	-5.109848601
2018	a	40	1	0	19.19599729	21.45578382	-2.259786535
2018	a	41	1	1	16.84561007	15.98871991	0.85689016
2018	a	42	1	0	18.9024552	25.5	-6.597544796
2018	a	43	1	0	17.3309305	18.5695599	-1.238629398
2018	a	44	0	1	14.57133794	17.82249344	-3.251155501
2018	a	45	1	1	16.89960907	16.89960907	0
2018	a	46	0	0	13.03309024	12.375	0.658090241
2018	a	47	0	1	15.47278681	15.47278681	0
2018	a	48	1	1	20.11887495	20.03500229	0.083872663
2018	a	49	0	1	16.35403196	16.31028195	0.04375001
2018	a	50	1	1	15.65790128	15.1181568	0.53974448
2018	a	52	1	0	18.57788529	18.57788529	0
2018	a	53	0	1	26.7606322	13.75	13.0106322
2018	a	54	0	0	16.50820473	17.1620818	-0.653877074
2018	a	56	0	0	18.92131028	18.92131028	0
2018	a	58	0	0	24.96621068	13	11.96621068
2018	a	59	1	0	18.99429829	18.5695599	0.424738399
2018	a	60	0	1	20.88350694	20.88350694	0
2018	a	66	0	0	18.33172862	21.125	-2.793271383
2018	a	67	0	0	15.58774467	15.58774467	0
2018	a	68	0	0	19.00669241	22.75	-3.743307587
2018	a	69	1	1	20.99881902	20.91428355	0.084535463
2018	a	70	0	0	18.66281943	18.44823698	0.214582453
2018	a	71	0	1	7.820639592	7.820639592	0
2018	a	74	0	1	21.39144669	14.375	7.016446694
2018	a	75	1	0	16.64606781	24.75	-8.103932195
2018	a	78	1	0	21.54635269	21.54635269	0
2018	a	79	1	1	16.57759537	16.57759537	0
2018	a	80	1	0	20.2551315	21.63072625	-1.375594754
2018	a	81	0	1	11.25947401	11.25947401	0
2018	a	82	0	1	15.625363	15.92133491	-0.295971902
2018	a	83	1	1	18.94795985	18.31972269	0.628237162
2018	b	86	0	1	24.14948296	22.01022398	2.139258975
2018	b	88	1	0	14.36651193	14.36651193	0
2018	b	89	1	1	19.91231381	20.61396998	-0.701656172
2018	b	90	0	0	16.27225727	19.03338202	-2.76112475
2018	b	91	1	1	16.18595189	16.18595189	0
2018	b	93	0	0	14.65596669	14.65596669	0
2018	b	94	1	0	21.24982756	19.99637886	1.253448697
2018	b	95	0	0	13.65366453	13.65366453	0
2018	b	96	0	1	19.24743907	19.24743907	0
2018	b	97	1	1	9.909150675	9.909150675	0
2018	b	98	1	0	14.41570439	16.13216127	-1.71645688
2018	b	99	1	0	17.77213854	18.5695599	-0.797421358
2018	b	100	0	1	18.50744753	18.3562342	0.151213327
2018	b	102	1	1	23.20741561	28.25	-5.042584387
2018	b	106	1	1	21.42151663	10.75	10.67151663
2018	b	107	1	1	19.22789785	17.88710757	1.34079028
2018	b	108	0	1	18.99551223	24.5	-5.504487773
2018	b	109	0	1	15.63731617	25	-9.362683832
2018	b	110	0	1	18.35905784	19.29057742	-0.931519579
2018	b	113	1	1	19.00555674	19.00555674	0
2018	b	114	0	0	NA	NA	NA
2018	b	115	1	1	19.48876611	19.48876611	0
2018	b	117	0	0	16.95506848	18.3182812	-1.363212722
2018	b	119	0	0	16.41747314	16.41747314	0
2018	b	120	0	1	15.45555262	14.72850744	0.727045182
2018	b	121	0	1	15.00592995	15.00592995	0
2018	b	122	0	0	17.11945569	17.32166244	-0.202206751
2018	b	124	1	1	22.05957039	28.75	-6.690429611
2018	b	125	0	0	18.28327437	17.38542854	0.897845835
2018	b	126	0	1	17.36325932	17.36325932	0
2018	b	127	0	1	16.84442312	21.5	-4.655576875
2018	b	129	0	0	22.65779021	22.65779021	0
2018	b	130	1	0	20.86304277	20.86304277	0
2018	b	134	0	1	11.40452008	11.40452008	0
2018	b	135	0	0	21.82943764	19.60497816	2.224459484
2018	b	136	0	0	19.94136971	19.14026897	0.801100741
2018	b	137	1	0	14.11782537	23	-8.882174626
2018	b	138	0	0	18.13594291	20	-1.864057091
2018	b	140	0	1	28.95617812	20	8.956178124
2018	b	142	1	0	21.45916584	25	-3.540834158
2018	b	144	1	1	17.68795899	22.5	-4.812041007
2018	b	146	1	1	25.82223884	25.82223884	0
2018	b	148	0	1	14.03801224	14.03801224	0
2018	b	149	1	1	16.22488191	25	-8.77511809
2018	b	150	1	1	16.79600948	16.66830891	0.12770057
2018	b	152	1	1	15.40489054	17.75	-2.345109455
2018	b	155	0	0	14.4169599	16.10914945	-1.692189558
2018	b	156	1	0	16.72423758	16.72423758	0
2018	b	157	1	1	13.96676484	27.75	-13.78323516
2018	b	158	0	1	17.61853305	18.48507242	-0.866539374
2018	b	159	0	0	17.112031	10.75	6.362030996
2018	b	164	0	1	13.95109959	13.95109959	0
2018	b	166	1	1	18.30697119	18.31972269	-0.012751495
2018	b	167	0	1	21.27306899	21.27306899	0
2018	c	169	0	1	20.72223009	20.72223009	0
2018	c	171	0	1	18.72131051	18.48507242	0.23623809
2018	c	172	1	0	18.92833255	23.25	-4.321667454
2018	c	174	1	0	16.65092884	15.59017724	1.0607516
2018	c	176	1	0	16.53179048	16.53179048	0
2018	c	178	1	0	13.24707586	13.24707586	0
2018	c	180	1	0	13.86827623	14.76463286	-0.896356625
2018	c	181	1	0	15.52289076	25	-9.477109241
2018	c	182	0	1	30.13245642	30.13245642	0
2018	c	183	1	0	20.67359887	21.00386801	-0.330269144
2018	c	184	1	1	25.74381254	20.75	4.993812543
2018	c	185	1	1	17.67619505	16.5356613	1.140533749
2018	c	189	1	1	18.7013502	18.16922989	0.532120306
2018	c	190	1	1	17.10432554	18.31972269	-1.215397142
2018	c	191	0	1	12.69917001	25	-12.30082999
2018	c	195	1	1	21.70237272	31.75	-10.04762728
2018	c	197	1	1	21.58307439	21.58307439	0
2018	c	198	0	0	19.4560112	19.4560112	0
2018	c	199	0	0	14.15680341	14.15680341	0
2018	c	200	0	0	26.14488717	12	14.14488717
2018	c	201	1	0	12.77277409	24.75	-11.97722591
2018	c	202	1	0	22.26258221	22.26258221	0
2018	c	204	1	0	15.48245379	15.65623793	-0.173784145
2018	c	205	0	1	22.47315249	21.74985302	0.723299471
2018	c	206	0	1	28.65366657	22.17895072	6.474715851
2018	c	207	0	0	19.64234879	18	1.642348788
2018	c	208	1	1	17.84083595	22.5	-4.659164053
2018	c	210	1	0	16.06014281	16.06014281	0
2018	c	211	0	0	15.38458486	16.70471281	-1.320127952
2018	c	212	0	1	21.12104223	21.12104223	0
2018	c	215	1	0	15.85865273	26	-10.14134727
2018	c	216	1	0	16.55990144	16.55990144	0
2018	c	218	0	0	18.23222074	18	0.23222074
2018	c	219	0	0	24.7924338	24.7924338	0
2018	c	222	1	1	16.57000757	18.65362165	-2.083614083
2018	c	224	1	0	16.62611422	16.62611422	0
2018	c	225	0	1	17.3364429	25.5	-8.163557097
2018	c	228	1	0	19.97615601	21.50981117	-1.533655151
2018	c	229	1	1	13.84368624	13.84368624	0
2018	c	230	0	1	16.72056211	15.97969201	0.740870098
2018	c	231	1	0	16.27089397	19.30669073	-3.035796766
2018	c	232	1	0	36.2416302	36.2416302	0
2018	c	233	1	1	17.77085702	18.31972269	-0.548865671
2018	c	234	1	1	23.54210024	23.54210024	0
2018	c	235	0	0	26.24030245	19	7.240302448
2018	c	237	1	1	24.19625834	17.5	6.696258342
2018	c	241	1	0	18.57262239	18.89334132	-0.32071894
2018	c	242	0	0	22.95605158	22.95605158	0
2018	c	243	0	0	20.63017009	20.79377171	-0.16360162
2018	c	244	1	1	16.32475068	32	-15.67524932
2018	c	247	0	0	17.98211794	18.3182812	-0.336163265
2018	c	248	1	1	27.06925238	27.06925238	0
2018	c	250	0	0	19.24669656	19.24669656	0
2018	c	251	1	1	15.16658164	15.16658164	0
2018	d	253	0	0	17.88909602	13.25	4.639096018
2018	d	256	0	0	18.04025257	28.75	-10.70974743
2018	d	258	0	0	14.15088205	16.04231184	-1.891429786
2018	d	260	1	1	14.37245005	26	-11.62754995
2018	d	262	1	1	14.69003358	14.69003358	0
2018	d	263	0	0	20.21523011	19.07941663	1.135813486
2018	d	266	1	0	20.64940747	26.25	-5.60059253
2018	d	267	1	1	22.56575692	20.64865161	1.917105316
2018	d	268	1	0	13.24748691	17.3471662	-4.099679292
2018	d	269	1	0	14.86086156	16.61632352	-1.755461964
2018	d	271	1	1	19.81009349	16.17649197	3.633601521
2018	d	273	1	0	19.91421809	26.75	-6.835781913
2018	d	274	1	1	16.67817639	16.67817639	0
2018	d	275	1	0	11.81852866	11.81852866	0
2018	d	278	0	1	21.22236898	21.22236898	0
2018	d	279	1	0	15.61241687	15.61241687	0
2018	d	281	0	0	12.37002951	12.37002951	0
2018	d	282	0	1	14.14945884	14.49298497	-0.343526131
2018	d	284	0	0	17.5150289	19	-1.4849711
2018	d	286	0	0	21.11350311	21.11350311	0
2018	d	287	0	1	22.77181673	11.75	11.02181673
2018	d	289	1	0	21.8054233	7	14.8054233
2018	d	290	0	0	17.6600979	18.3182812	-0.658183305
2018	d	291	1	0	19.72191162	19.39491933	0.326992283
2018	d	292	0	1	33.42920916	33.42920916	0
2018	d	294	0	1	21.68248193	21.68248193	0
2018	d	295	0	1	15.73134262	18.48507242	-2.7537298
2018	d	297	1	1	25.76683601	25	0.766836009
2018	d	298	1	1	25.35122481	25.35122481	0
2018	d	299	0	1	24.31628855	24.31628855	0
2018	d	304	0	0	26.44351552	21.00773761	5.435777905
2018	d	305	1	0	21.58202646	26.25	-4.667973543
2018	d	307	1	1	17.97042841	16.8222755	1.148152913
2018	d	308	1	0	16.14053582	18.5695599	-2.429024075
2018	d	309	0	1	11.78453845	23.75	-11.96546155
2018	d	310	0	1	19.19893343	28.75	-9.551066569
2018	d	312	0	1	16.17520331	29.25	-13.07479669
2018	d	313	0	0	19.29601043	19.29601043	0
2018	d	315	1	1	16.16231979	16.16231979	0
2018	d	317	0	1	24.81471495	20.49070646	4.324008494
2018	d	318	0	0	19.56905965	19.56905965	0
2018	d	321	0	1	15.13805002	15.13805002	0
2018	d	322	0	0	17.21755267	19.25	-2.032447326
2018	d	323	1	1	19.60057006	19.42940737	0.171162693
2018	d	325	0	1	17.4615632	20.09064386	-2.629080666
2018	d	326	1	0	19.68764368	20.75	-1.062356324
2018	d	327	1	0	21.39122752	21.39122752	0
2018	d	328	0	1	18.42927129	18.48507242	-0.055801134
2018	d	329	0	0	14.77565621	14.77565621	0
2018	d	330	1	1	15.92176626	15.92176626	0
2018	d	333	1	1	17.04354851	19.13938619	-2.095837676
2018	d	334	0	0	27.72824716	27.72824716	0
2018	d	335	0	0	16.16231979	16.16231979	0
2018	d	336	1	0	15.70303134	15.81881991	-0.115788564
2019	a	1	1	1	19.05672071	18.54863079	0.508089921
2019	a	4	1	0	20.59024765	20.59024765	0
2019	a	6	0	0	16.08776605	16.08776605	0
2019	a	8	1	0	19.77723362	19.77723362	0
2019	a	11	0	1	21.00477049	17.53267439	3.472096104
2019	a	13	0	1	27.13585347	24.1571852	2.978668268
2019	a	15	0	0	19.00678216	18.82343128	0.18335088
2019	a	16	1	1	16.8441127	16.8441127	0
2019	a	17	1	0	22.18357886	22.18357886	0
2019	a	18	0	0	19.31692839	21.04861412	-1.73168573
2019	a	20	1	1	35.59916443	35.59916443	0
2019	a	21	0	0	17.74628999	19.85700561	-2.110715618
2019	a	24	1	0	23.58753388	25.08449789	-1.496964005
2019	a	25	1	0	16.47503765	18.02904446	-1.554006812
2019	a	26	1	1	17.15855969	17.15855969	0
2019	a	30	1	0	11.28809451	11.28809451	0
2019	a	31	0	1	18.92258963	18.92258963	0
2019	a	32	1	0	27.37366743	27.37366743	0
2019	a	33	0	1	18.21620892	22.02083619	-3.804627264
2019	a	35	0	0	19.71479681	18.94319934	0.771597464
2019	a	36	0	1	20.44116614	21.16661298	-0.725446842
2019	a	39	0	1	23.39940186	20.48879484	2.910607021
2019	a	40	1	0	26.72092723	22.96962037	3.751306856
2019	a	41	1	1	15.68523732	16.26628352	-0.581046199
2019	a	42	1	0	18.46851943	18.85244787	-0.383928435
2019	a	43	1	0	18.56919317	19.77166502	-1.202471858
2019	a	44	0	1	20.93504994	19.13859862	1.796451323
2019	a	45	1	1	15.68183564	15.68183564	0
2019	a	46	0	0	14.50291387	19.71513438	-5.212220512
2019	a	47	0	1	23.88155774	23.88155774	0
2019	a	48	1	1	33.50316816	25.20824635	8.294921816
2019	a	49	0	1	20.73708275	17.64608978	3.09099297
2019	a	50	1	1	17.12785342	16.46584261	0.662010811
2019	a	52	1	0	19.60586762	19.60586762	0
2019	a	53	0	1	31.72475301	23.32482346	8.399929548
2019	a	54	0	0	18.36319352	18.07259608	0.290597431
2019	a	56	0	0	19.68273896	19.68273896	0
2019	a	58	0	0	24.92905782	22.04952522	2.879532594
2019	a	59	1	0	19.04106588	19.77166502	-0.730599139
2019	a	60	0	1	20.29113676	20.29113676	0
2019	a	66	0	0	17.94202346	18.33037254	-0.388349079
2019	a	67	0	0	21.95773006	21.95773006	0
2019	a	68	0	0	19.79161669	20.6972868	-0.905670105
2019	a	69	1	1	32.6879683	23.25343647	9.434531833
2019	a	70	0	0	19.40422625	21.18100206	-1.776775802
2019	a	71	0	1	13.76099676	13.76099676	0
2019	a	74	0	1	21.78837547	23.29122246	-1.502846985
2019	a	75	1	0	21.41957268	21.67383276	-0.254260082
2019	a	78	1	0	30.64612564	30.64612564	0
2019	a	79	1	1	20.02509033	20.02509033	0
2019	a	80	1	0	21.81207784	22.9710169	-1.158939057
2019	a	81	0	1	15.14278214	15.14278214	0
2019	a	82	0	1	17.62022842	16.81513601	0.80509241
2019	a	83	1	1	18.6599312	20.58826942	-1.928338219
2019	b	86	0	1	22.84639365	23.14357871	-0.297185059
2019	b	88	1	0	21.24620801	21.24620801	0
2019	b	89	1	1	28.73474645	25.752438	2.982308459
2019	b	90	0	0	18.2615169	19.22734326	-0.965826357
2019	b	91	1	1	18.387594	18.387594	0
2019	b	93	0	0	18.34560527	18.34560527	0
2019	b	94	1	0	27.12836828	20.38854929	6.739818991
2019	b	95	0	0	14.47239718	14.47239718	0
2019	b	96	0	1	21.62102211	21.62102211	0
2019	b	97	1	1	15.39960548	15.39960548	0
2019	b	98	1	0	15.69401044	17.22338426	-1.529373819
2019	b	99	1	0	17.02421366	19.77166502	-2.747451362
2019	b	100	0	1	20.13036235	19.18544724	0.944915114
2019	b	102	1	1	39.64362778	29.03323644	10.61039135
2019	b	106	1	1	19.737409	22.97263216	-3.235223156
2019	b	107	1	1	21.40503728	22.12701898	-0.721981696
2019	b	108	0	1	20.38279085	18.91430515	1.468485695
2019	b	109	0	1	17.76551041	18.02116438	-0.255653973
2019	b	110	0	1	20.36509594	21.45092345	-1.085827511
2019	b	113	1	1	45.05338989	45.05338989	0
2019	b	114	0	0	36.04558904	36.04558904	0
2019	b	115	1	1	16.74167359	16.74167359	0
2019	b	117	0	0	19.6929573	19.85700561	-0.164048309
2019	b	119	0	0	19.2052932	19.2052932	0
2019	b	120	0	1	18.09062978	16.39685005	1.693779731
2019	b	121	0	1	16.76813351	16.76813351	0
2019	b	122	0	0	18.68841039	17.90560766	0.782802734
2019	b	124	1	1	18.04008069	17.19413849	0.845942199
2019	b	125	0	0	18.3361152	18.62103697	-0.284921777
2019	b	126	0	1	17.10728444	17.10728444	0
2019	b	127	0	1	22.47131544	19.54876265	2.922552784
2019	b	129	0	0	21.45619984	21.45619984	0
2019	b	130	1	0	18.89188776	18.89188776	0
2019	b	134	0	1	15.13411399	15.13411399	0
2019	b	135	0	0	23.29262378	21.56643645	1.726187332
2019	b	136	0	0	19.55779559	20.59472509	-1.036929503
2019	b	137	1	0	13.54861684	16.11799403	-2.569377192
2019	b	138	0	0	18.54059496	19.64139081	-1.100795855
2019	b	140	0	1	35.39057173	24.26977533	11.12079639
2019	b	142	1	0	29.73195491	21.94058796	7.791366947
2019	b	144	1	1	26.40189302	25.07502889	1.326864125
2019	b	146	1	1	36.17412057	36.17412057	0
2019	b	148	0	1	15.45969239	15.45969239	0
2019	b	149	1	1	19.63382264	17.89134492	1.742477724
2019	b	150	1	1	16.52279709	17.36565321	-0.842856118
2019	b	152	1	1	20.12632308	22.74613641	-2.619813332
2019	b	155	0	0	16.71915948	18.12996077	-1.410801289
2019	b	156	1	0	14.34239971	14.34239971	0
2019	b	157	1	1	12.66561853	15.33842856	-2.67281003
2019	b	158	0	1	19.50526574	19.95467472	-0.44940898
2019	b	159	0	0	20.21562	22.70816529	-2.492545299
2019	b	164	0	1	14.32768184	14.32768184	0
2019	b	166	1	1	18.68056841	20.58826942	-1.907701006
2019	b	167	0	1	20.76687084	20.76687084	0
2019	c	169	0	1	20.55956365	20.55956365	0
2019	c	171	0	1	19.84955238	19.95467472	-0.105122341
2019	c	172	1	0	19.52877883	21.04662076	-1.517841928
2019	c	174	1	0	17.01180418	17.03605188	-0.024247693
2019	c	176	1	0	20.80832633	20.80832633	0
2019	c	178	1	0	19.55801535	19.55801535	0
2019	c	180	1	0	14.53807921	16.59733681	-2.059257601
2019	c	181	1	0	16.58155653	18.3416222	-1.760065674
2019	c	182	0	1	36.83007721	36.83007721	0
2019	c	183	1	0	20.31539166	21.30257076	-0.9871791
2019	c	184	1	1	33.32164015	23.22020578	10.10143437
2019	c	185	1	1	17.39039627	16.90030395	0.490092321
2019	c	189	1	1	19.65402565	21.79791318	-2.143887536
2019	c	190	1	1	16.78974315	20.58826942	-3.798526267
2019	c	191	0	1	16.16464837	17.93088793	-1.766239557
2019	c	195	1	1	25.97269474	21.60490444	4.367790297
2019	c	197	1	1	20.55054906	20.55054906	0
2019	c	198	0	0	18.74031931	18.74031931	0
2019	c	199	0	0	18.30720492	18.30720492	0
2019	c	200	0	0	26.78320556	20.99451868	5.788686872
2019	c	201	1	0	11.91257017	15.21965589	-3.307085715
2019	c	202	1	0	18.90305997	18.90305997	0
2019	c	204	1	0	15.89570498	18.02892347	-2.133218493
2019	c	205	0	1	22.3794475	23.22316888	-0.843721379
2019	c	206	0	1	33.53485765	23.25989393	10.27496372
2019	c	207	0	0	19.37925684	19.20876039	0.170496446
2019	c	208	1	1	18.72236478	17.91216045	0.810204333
2019	c	210	1	0	17.9452271	17.9452271	0
2019	c	211	0	0	17.94302381	18.30190252	-0.358878707
2019	c	212	0	1	16.3693504	16.3693504	0
2019	c	215	1	0	15.12663248	20.68748559	-5.560853114
2019	c	216	1	0	16.66354762	16.66354762	0
2019	c	218	0	0	20.49946748	23.2007944	-2.701326922
2019	c	219	0	0	19.45734571	19.45734571	0
2019	c	222	1	1	15.48992927	17.72635395	-2.236424675
2019	c	224	1	0	16.88532243	16.88532243	0
2019	c	225	0	1	18.92955838	16.64502053	2.284537844
2019	c	228	1	0	19.60541663	21.71162804	-2.10621141
2019	c	229	1	1	12.30316277	12.30316277	0
2019	c	230	0	1	18.56237197	17.70431404	0.858057934
2019	c	231	1	0	15.91474307	21.98570912	-6.07096605
2019	c	232	1	0	32.76820886	32.76820886	0
2019	c	233	1	1	16.51739987	20.58826942	-4.070869553
2019	c	234	1	1	18.42861766	18.42861766	0
2019	c	235	0	0	24.16867399	21.40317595	2.765498035
2019	c	237	1	1	19.74125737	22.33547512	-2.594217757
2019	c	241	1	0	19.16643479	19.52152233	-0.355087536
2019	c	242	0	0	24.67592475	24.67592475	0
2019	c	243	0	0	18.70131144	19.73790179	-1.036590346
2019	c	244	1	1	18.89462807	18.13581373	0.758814345
2019	c	247	0	0	20.71514912	19.85700561	0.858143503
2019	c	248	1	1	19.96068539	19.96068539	0
2019	c	250	0	0	20.12327857	20.12327857	0
2019	c	251	1	1	14.19304544	14.19304544	0
2019	d	253	0	0	19.10161692	22.99659336	-3.89497644
2019	d	256	0	0	18.86725757	19.2272735	-0.360015924
2019	d	258	0	0	16.25533291	18.24776322	-1.99243031
2019	d	260	1	1	14.39285097	17.26856756	-2.875716597
2019	d	262	1	1	19.43282465	19.43282465	0
2019	d	263	0	0	21.66303987	21.42260788	0.24043199
2019	d	266	1	0	18.15096053	18.0828292	0.068131333
2019	d	267	1	1	32.95527048	22.26558422	10.68968625
2019	d	268	1	0	13.30006612	18.93506161	-5.634995484
2019	d	269	1	0	19.92207533	18.63268494	1.289390392
2019	d	271	1	1	18.34041412	17.75270855	0.587705571
2019	d	273	1	0	17.43048233	18.25066237	-0.820180039
2019	d	274	1	1	17.82198795	17.82198795	0
2019	d	275	1	0	13.1497478	13.1497478	0
2019	d	278	0	1	18.93147401	18.93147401	0
2019	d	279	1	0	14.64840686	14.64840686	0
2019	d	281	0	0	13.91967782	13.91967782	0
2019	d	282	0	1	16.38670872	15.83263284	0.554075881
2019	d	284	0	0	19.08320382	16.78039206	2.302811761
2019	d	286	0	0	18.30671719	18.30671719	0
2019	d	287	0	1	21.06135883	23.59786452	-2.536505698
2019	d	289	1	0	26.03966715	23.76863091	2.27103624
2019	d	290	0	0	19.04514815	19.85700561	-0.811857464
2019	d	291	1	0	17.89768485	20.3596124	-2.461927552
2019	d	292	0	1	36.4481927	36.4481927	0
2019	d	294	0	1	21.01435134	21.01435134	0
2019	d	295	0	1	18.67347956	19.95467472	-1.281195168
2019	d	297	1	1	34.11566517	22.33174824	11.78391693
2019	d	298	1	1	18.99914156	18.99914156	0
2019	d	299	0	1	20.58493721	20.58493721	0
2019	d	304	0	0	24.66253185	21.8819429	2.780588957
2019	d	305	1	0	28.12051396	21.59657511	6.523938847
2019	d	307	1	1	17.30862566	16.84446913	0.46415653
2019	d	308	1	0	17.58946329	19.77166502	-2.182201729
2019	d	309	0	1	15.30026216	16.14867957	-0.848417409
2019	d	310	0	1	18.92314152	20.74670046	-1.823558937
2019	d	312	0	1	18.16567355	18.23216537	-0.066491822
2019	d	313	0	0	18.89326016	18.89326016	0
2019	d	315	1	1	17.74687559	17.74687559	0
2019	d	317	0	1	24.31974169	21.18341348	3.13632821
2019	d	318	0	0	16.95578345	16.95578345	0
2019	d	321	0	1	15.17168579	15.17168579	0
2019	d	322	0	0	20.04344501	19.68333277	0.360112233
2019	d	323	1	1	33.50050812	23.25529991	10.24520821
2019	d	325	0	1	18.35405036	21.52020388	-3.166153523
2019	d	326	1	0	22.89771811	22.84129481	0.056423302
2019	d	327	1	0	18.15812736	18.15812736	0
2019	d	328	0	1	20.64637633	19.95467472	0.691701607
2019	d	329	0	0	14.98526703	14.98526703	0
2019	d	330	1	1	15.26335199	15.26335199	0
2019	d	333	1	1	19.04293615	21.04923769	-2.006301542
2019	d	334	0	0	28.64334771	28.64334771	0
2019	d	335	0	0	16.87866605	16.87866605	0
2019	d	336	1	0	16.06287906	17.79621681	-1.733337747
2020	a	1	1	1	26.13193993	22.28111824	3.850821689
2020	a	4	1	0	18.99407332	18.99407332	0
2020	a	6	0	0	17.12355588	17.12355588	0
2020	a	8	1	0	20.9698495	20.9698495	0
2020	a	11	0	1	19.2843272	16.53441142	2.749915777
2020	a	13	0	1	25.98516344	24.6219181	1.363245345
2020	a	15	0	0	22.13261727	17.90831543	4.224301836
2020	a	16	1	1	16.54552436	16.54552436	0
2020	a	17	1	0	24.24539411	24.24539411	0
2020	a	18	0	0	22.62753305	19.01310453	3.614428529
2020	a	20	1	1	29.43205128	29.43205128	0
2020	a	21	0	0	17.74218258	19.40835585	-1.666173269
2020	a	24	1	0	20.24520514	22.09347276	-1.84826762
2020	a	25	1	0	16.98078599	17.83472299	-0.853936997
2020	a	26	1	1	24.81800584	24.81800584	0
2020	a	30	1	0	10.30678144	10.30678144	0
2020	a	31	0	1	19.95975848	19.95975848	0
2020	a	32	1	0	24.41063492	24.41063492	0
2020	a	33	0	1	20.05205842	18.08802418	1.964034232
2020	a	35	0	0	17.85171359	20.74726661	-2.895553022
2020	a	36	0	1	25.8908717	22.84395586	3.046915838
2020	a	39	0	1	15.12730781	19.69295051	-4.5656427
2020	a	40	1	0	18.68383263	21.7485859	-3.064753267
2020	a	41	1	1	15.8607842	17.22395087	-1.363166679
2020	a	42	1	0	22.40838529	19.40483331	3.003551971
2020	a	43	1	0	21.46818826	19.78555468	1.682633581
2020	a	44	0	1	16.38163503	18.07286982	-1.691234791
2020	a	45	1	1	15.89814573	15.89814573	0
2020	a	46	0	0	13.28166876	15.06775338	-1.786084628
2020	a	47	0	1	16.5538852	16.5538852	0
2020	a	48	1	1	25.70748867	23.76854983	1.938938836
2020	a	49	0	1	18.6040319	18.21888123	0.385150669
2020	a	50	1	1	17.92093287	16.30177729	1.619155581
2020	a	52	1	0	19.0691828	19.0691828	0
2020	a	53	0	1	22.65783896	19.11449305	3.54334591
2020	a	54	0	0	18.51227858	17.48041505	1.031863524
2020	a	56	0	0	18.45044864	18.45044864	0
2020	a	58	0	0	26.49770754	23.37580396	3.121903576
2020	a	59	1	0	21.42820744	19.78555468	1.642652757
2020	a	60	0	1	28.15407246	28.15407246	0
2020	a	66	0	0	20.35322106	20.56070352	-0.207482461
2020	a	67	0	0	18.5304457	18.5304457	0
2020	a	68	0	0	18.29995717	15.98241529	2.317541884
2020	a	69	1	1	28.54177894	22.47255876	6.069220187
2020	a	70	0	0	19.84582721	18.55286112	1.292966087
2020	a	71	0	1	8.943892555	8.943892555	0
2020	a	74	0	1	23.78730337	21.60573089	2.181572475
2020	a	75	1	0	18.9202635	18.20080669	0.71945681
2020	a	78	1	0	18.15119048	18.15119048	0
2020	a	79	1	1	20.94696926	20.94696926	0
2020	a	80	1	0	21.77787596	21.7904549	-0.012578948
2020	a	81	0	1	17.61175871	17.61175871	0
2020	a	82	0	1	18.60044447	16.45315909	2.147285376
2020	a	83	1	1	24.85731419	20.29669669	4.560617508
2020	b	86	0	1	26.19875193	23.08104386	3.117708066
2020	b	88	1	0	18.76443499	18.76443499	0
2020	b	89	1	1	27.72221203	23.14687245	4.575339578
2020	b	90	0	0	15.67723209	20.35099293	-4.673760847
2020	b	91	1	1	20.15289916	20.15289916	0
2020	b	93	0	0	19.87502165	19.87502165	0
2020	b	94	1	0	20.93238341	20.9596252	-0.027241795
2020	b	95	0	0	13.83824302	13.83824302	0
2020	b	96	0	1	20.83549433	20.83549433	0
2020	b	97	1	1	13.79766082	13.79766082	0
2020	b	98	1	0	15.68396324	17.74082162	-2.056858372
2020	b	99	1	0	14.10658102	19.78555468	-5.678973658
2020	b	100	0	1	22.31869547	19.24602441	3.072671055
2020	b	102	1	1	28.86292866	25.17050498	3.692423685
2020	b	106	1	1	21.40780797	22.85715059	-1.449342613
2020	b	107	1	1	21.26752996	21.20174517	0.065784791
2020	b	108	0	1	20.39621605	20.46356842	-0.067352366
2020	b	109	0	1	17.06982106	16.13230904	0.937512023
2020	b	110	0	1	20.15612028	19.21498203	0.941138247
2020	b	113	1	1	25.54563168	25.54563168	0
2020	b	114	0	0	22.8	22.8	0
2020	b	115	1	1	18.4902046	18.4902046	0
2020	b	117	0	0	19.48272649	19.40835585	0.074370635
2020	b	119	0	0	20.51449428	20.51449428	0
2020	b	120	0	1	17.38535129	15.06241322	2.32293807
2020	b	121	0	1	13.00292935	13.00292935	0
2020	b	122	0	0	19.84229711	18.51038535	1.331911757
2020	b	124	1	1	25.7776174	19.98772401	5.789893391
2020	b	125	0	0	19.70574151	16.88681564	2.818925866
2020	b	126	0	1	20.06985954	20.06985954	0
2020	b	127	0	1	19.45368298	16.08759458	3.366088404
2020	b	129	0	0	26.20239147	26.20239147	0
2020	b	130	1	0	24.66992398	24.66992398	0
2020	b	134	0	1	11.84482975	11.84482975	0
2020	b	135	0	0	24.64987769	21.40009517	3.249782519
2020	b	136	0	0	24.88213684	21.83037902	3.051757816
2020	b	137	1	0	15.05545199	17.64347998	-2.588027987
2020	b	138	0	0	19.37904005	20.4844986	-1.105458547
2020	b	140	0	1	22.23304389	19.701493	2.531550889
2020	b	142	1	0	18.253256	19.09548146	-0.842225465
2020	b	144	1	1	15.38299773	19.00783797	-3.624840239
2020	b	146	1	1	32.36	32.36	0
2020	b	148	0	1	17.44722776	17.44722776	0
2020	b	149	1	1	19.12666294	16.45870213	2.667960811
2020	b	150	1	1	19.29073388	18.53468278	0.756051098
2020	b	152	1	1	20.88940951	20.81020101	0.0792085
2020	b	155	0	0	17.23580067	16.42948469	0.806315977
2020	b	156	1	0	14.99126795	14.99126795	0
2020	b	157	1	1	11.66326054	14.46017774	-2.7969172
2020	b	158	0	1	17.55232237	18.92853305	-1.376210683
2020	b	159	0	0	21.00219166	20.28116168	0.721029985
2020	b	164	0	1	14.90256208	14.90256208	0
2020	b	166	1	1	19.51318288	20.29669669	-0.783513808
2020	b	167	0	1	15.73834464	15.73834464	0
2020	c	169	0	1	20.15024982	20.15024982	0
2020	c	171	0	1	18.21358004	18.92853305	-0.714953014
2020	c	172	1	0	15.41456401	20.62214561	-5.207581607
2020	c	174	1	0	19.78219033	17.52963124	2.252559094
2020	c	176	1	0	17.98714286	17.98714286	0
2020	c	178	1	0	19.54384824	19.54384824	0
2020	c	180	1	0	16.71698432	16.86371065	-0.146726327
2020	c	181	1	0	17.08858295	17.44554664	-0.356963695
2020	c	182	0	1	22.95761905	22.95761905	0
2020	c	183	1	0	23.18072688	21.94888149	1.231845386
2020	c	184	1	1	31.86112144	22.68636156	9.174759877
2020	c	185	1	1	18.71469905	18.18981022	0.524888824
2020	c	189	1	1	24.23951307	22.8394117	1.400101369
2020	c	190	1	1	23.85442047	20.29669669	3.557723786
2020	c	191	0	1	15.78682725	18.0061744	-2.219347144
2020	c	195	1	1	27.69389582	21.48280459	6.211091229
2020	c	197	1	1	22.14340531	22.14340531	0
2020	c	198	0	0	22.41314443	22.41314443	0
2020	c	199	0	0	8.363988604	8.363988604	0
2020	c	200	0	0	26.48403992	21.30898879	5.175051125
2020	c	201	1	0	10.71483767	15.65442917	-4.939591493
2020	c	202	1	0	25.004876	25.004876	0
2020	c	204	1	0	19.16452227	19.13850489	0.026017386
2020	c	205	0	1	25.9788791	21.73514229	4.243736802
2020	c	206	0	1	23.23334903	21.64291104	1.590437998
2020	c	207	0	0	18.94397886	21.88179226	-2.937813405
2020	c	208	1	1	25.68090012	19.52858719	6.152312931
2020	c	210	1	0	22.55109298	22.55109298	0
2020	c	211	0	0	17.75880005	17.6902922	0.068507849
2020	c	212	0	1	20.79866997	20.79866997	0
2020	c	215	1	0	18.6399565	21.47495387	-2.834997369
2020	c	216	1	0	14.30863655	14.30863655	0
2020	c	218	0	0	24.66909349	22.33464941	2.334444085
2020	c	219	0	0	28.51649726	28.51649726	0
2020	c	222	1	1	14.32428849	18.72073963	-4.39645114
2020	c	224	1	0	16.03900524	16.03900524	0
2020	c	225	0	1	19.29632404	17.17263697	2.123687074
2020	c	228	1	0	19.08083283	21.16645094	-2.085618109
2020	c	229	1	1	11.38726692	11.38726692	0
2020	c	230	0	1	19.12306181	16.89702857	2.226033236
2020	c	231	1	0	18.74929331	19.66394721	-0.9146539
2020	c	232	1	0	25.9	25.9	0
2020	c	233	1	1	16.20394581	20.29669669	-4.092750875
2020	c	234	1	1	28.32435794	28.32435794	0
2020	c	235	0	0	27.34671768	24.90513358	2.441584108
2020	c	237	1	1	21.86978529	23.27989486	-1.410109573
2020	c	241	1	0	19.70446303	20.00168588	-0.297222848
2020	c	242	0	0	20.26379534	20.26379534	0
2020	c	243	0	0	24.76085273	22.34429258	2.416560147
2020	c	244	1	1	14.8597606	17.11803804	-2.258277436
2020	c	247	0	0	20.12939459	19.40835585	0.72103874
2020	c	248	1	1	19.06412269	19.06412269	0
2020	c	250	0	0	16.85142857	16.85142857	0
2020	c	251	1	1	20.18118168	20.18118168	0
2020	d	253	0	0	21.71068664	18.45003245	3.26065419
2020	d	256	0	0	20.32797818	18.72964365	1.598334536
2020	d	258	0	0	16.46980233	15.93414772	0.535654612
2020	d	260	1	1	12.52172536	17.91388994	-5.392164576
2020	d	262	1	1	15.83943083	15.83943083	0
2020	d	263	0	0	25.26106097	20.83880919	4.422251777
2020	d	266	1	0	23.52491029	20.20401765	3.320892641
2020	d	267	1	1	30.47392647	23.05591923	7.418007248
2020	d	268	1	0	15.35178076	20.00567482	-4.65389406
2020	d	269	1	0	19.114427	18.98569129	0.128735703
2020	d	271	1	1	25.10968558	18.83598202	6.273703561
2020	d	273	1	0	23.10050538	20.2086413	2.891864071
2020	d	274	1	1	19.18286803	19.18286803	0
2020	d	275	1	0	17.03244918	17.03244918	0
2020	d	278	0	1	18.01710623	18.01710623	0
2020	d	279	1	0	18.72197218	18.72197218	0
2020	d	281	0	0	13.11278388	13.11278388	0
2020	d	282	0	1	16.99192007	14.96670887	2.025211201
2020	d	284	0	0	17.94332669	16.80054205	1.142784635
2020	d	286	0	0	24.02620943	24.02620943	0
2020	d	287	0	1	20.84859272	22.40245871	-1.553865988
2020	d	289	1	0	20.1030548	21.07399405	-0.970939252
2020	d	290	0	0	19.82716579	19.40835585	0.418809937
2020	d	291	1	0	20.8623395	19.68240597	1.179933536
2020	d	292	0	1	27.6	27.6	0
2020	d	294	0	1	21.06091503	21.06091503	0
2020	d	295	0	1	16.91966802	18.92853305	-2.008865027
2020	d	297	1	1	30.07683352	23.24206138	6.834772136
2020	d	298	1	1	21.36294116	21.36294116	0
2020	d	299	0	1	27.4162224	27.4162224	0
2020	d	304	0	0	27.55164764	22.66641798	4.885229655
2020	d	305	1	0	19.392854	22.59427086	-3.201416857
2020	d	307	1	1	21.95749833	18.11761443	3.839883899
2020	d	308	1	0	17.33542475	19.78555468	-2.450129931
2020	d	309	0	1	11.98080094	12.95218947	-0.97138853
2020	d	310	0	1	17.57670757	19.02651972	-1.449812145
2020	d	312	0	1	17.86654532	16.28298444	1.58356088
2020	d	313	0	0	20.22299677	20.22299677	0
2020	d	315	1	1	17.9583824	17.9583824	0
2020	d	317	0	1	25.87096599	21.59833694	4.272629045
2020	d	318	0	0	20.4611845	20.4611845	0
2020	d	321	0	1	15.50526369	15.50526369	0
2020	d	322	0	0	18.71015498	19.82077634	-1.110621357
2020	d	323	1	1	22.8402935	22.49147549	0.348818009
2020	d	325	0	1	19.85328473	19.29793095	0.555353777
2020	d	326	1	0	20.21543489	20.98543772	-0.770002836
2020	d	327	1	0	24.04933692	24.04933692	0
2020	d	328	0	1	18.031715	18.92853305	-0.896818051
2020	d	329	0	0	12.2472336	12.2472336	0
2020	d	330	1	1	12.50288404	12.50288404	0
2020	d	333	1	1	17.94961959	18.94708579	-0.997466199
2020	d	334	0	0	26.56333333	26.56333333	0
2020	d	335	0	0	17.78992066	17.78992066	0
2020	d	336	1	0	19.73591607	18.29779642	1.43811965
2021	a	1	1	1	20.25805181	20.19327476	0.064777051
2021	a	4	1	0	20.12149766	20.12149766	0
2021	a	6	0	0	16.7420385	16.7420385	0
2021	a	8	1	0	23.2095134	23.2095134	0
2021	a	11	0	1	17.45031167	16.85285007	0.5974616
2021	a	13	0	1	25.79567201	23.15753086	2.638141154
2021	a	15	0	0	19.30719617	18.39385134	0.913344822
2021	a	16	1	1	16.6211523	16.6211523	0
2021	a	17	1	0	24.01169696	24.01169696	0
2021	a	18	0	0	19.93486616	20.59693414	-0.662067985
2021	a	20	1	1	34.23879192	34.23879192	0
2021	a	21	0	0	19.16532582	19.843164	-0.677838182
2021	a	24	1	0	23.26820241	23.65724752	-0.389045109
2021	a	25	1	0	17.01643712	17.46310995	-0.44667283
2021	a	26	1	1	21.74385974	21.74385974	0
2021	a	30	1	0	12.76737927	12.76737927	0
2021	a	31	0	1	18.36916026	18.36916026	0
2021	a	32	1	0	22.72521167	22.72521167	0
2021	a	33	0	1	18.93691271	22.09869776	-3.161785055
2021	a	35	0	0	19.96986436	20.01975773	-0.049893367
2021	a	36	0	1	23.35691908	22.58642306	0.770496017
2021	a	39	0	1	17.89434984	19.32742135	-1.433071514
2021	a	40	1	0	24.40314564	22.2998359	2.103309738
2021	a	41	1	1	14.24640459	16.84771426	-2.601309673
2021	a	42	1	0	18.39197781	18.11503821	0.276939598
2021	a	43	1	0	19.61890777	19.67452598	-0.055618213
2021	a	44	0	1	16.74035522	18.53930978	-1.798954563
2021	a	45	1	1	16.97319316	16.97319316	0
2021	a	46	0	0	14.03396906	16.81213596	-2.778166902
2021	a	47	0	1	17.20953502	17.20953502	0
2021	a	48	1	1	25.68806314	23.46390169	2.224161442
2021	a	49	0	1	18.21388942	17.59235545	0.621533977
2021	a	50	1	1	17.67310092	16.39323489	1.279866025
2021	a	52	1	0	19.74700675	19.74700675	0
2021	a	53	0	1	26.63579975	20.62427404	6.011525712
2021	a	54	0	0	18.29212929	17.9942765	0.297852786
2021	a	56	0	0	18.86562654	18.86562654	0
2021	a	58	0	0	26.221738	22.22819741	3.993540587
2021	a	59	1	0	19.64540663	19.67452598	-0.029119355
2021	a	60	0	1	23.12435799	23.12435799	0
2021	a	66	0	0	17.88459524	18.23322841	-0.348633175
2021	a	67	0	0	18.31918124	18.31918124	0
2021	a	68	0	0	18.58436939	18.78773279	-0.2033634
2021	a	69	1	1	25.27973692	22.1722752	3.10746172
2021	a	70	0	0	19.07491453	20.12228962	-1.047375096
2021	a	71	0	1	10.56930297	10.56930297	0
2021	a	74	0	1	22.16909161	24.04352994	-1.87443833
2021	a	75	1	0	18.91501282	19.81376645	-0.89875363
2021	a	78	1	0	24.98464465	24.98464465	0
2021	a	79	1	1	18.21028	18.21028	0
2021	a	80	1	0	24.19540023	22.31559039	1.879809835
2021	a	81	0	1	14.67133829	14.67133829	0
2021	a	82	0	1	16.96125537	16.94056552	0.020689856
2021	a	83	1	1	17.52433512	20.11463055	-2.590295436
2021	b	86	0	1	26.98285724	23.38362624	3.599230996
2021	b	88	1	0	18.53811988	18.53811988	0
2021	b	89	1	1	26.72662502	23.71276588	3.013859141
2021	b	90	0	0	17.69933518	19.85204012	-2.152704941
2021	b	91	1	1	19.89116054	19.89116054	0
2021	b	93	0	0	20.77062571	20.77062571	0
2021	b	94	1	0	23.40930503	20.61951557	2.789789461
2021	b	95	0	0	15.83022611	15.83022611	0
2021	b	96	0	1	19.35227562	19.35227562	0
2021	b	97	1	1	12.34918457	12.34918457	0
2021	b	98	1	0	16.93533389	17.79763226	-0.862298372
2021	b	99	1	0	15.51621907	19.67452598	-4.158306913
2021	b	100	0	1	18.05355623	18.99972713	-0.9461709
2021	b	102	1	1	27.58587826	24.06052865	3.525349609
2021	b	106	1	1	21.74243483	24.04831036	-2.305875528
2021	b	107	1	1	18.86753687	21.02793664	-2.160399776
2021	b	108	0	1	19.11524725	19.60042522	-0.485177976
2021	b	109	0	1	17.44673736	16.73668041	0.710056949
2021	b	110	0	1	19.20733299	20.69481978	-1.487486792
2021	b	113	1	1	26.47979739	26.47979739	0
2021	b	114	0	0	32.52226631	32.52226631	0
2021	b	115	1	1	19.30795194	19.30795194	0
2021	b	117	0	0	19.00463095	19.843164	-0.838533049
2021	b	119	0	0	18.67264097	18.67264097	0
2021	b	120	0	1	16.2146133	15.90989959	0.304713715
2021	b	121	0	1	15.63275855	15.63275855	0
2021	b	122	0	0	18.20648804	18.41277159	-0.206283543
2021	b	124	1	1	19.4901507	18.47965783	1.010492869
2021	b	125	0	0	18.16233866	17.98403927	0.178299398
2021	b	126	0	1	18.8146304	18.8146304	0
2021	b	127	0	1	17.27901434	17.05206287	0.226951467
2021	b	129	0	0	22.19021668	22.19021668	0
2021	b	130	1	0	21.07038945	21.07038945	0
2021	b	134	0	1	12.84780299	12.84780299	0
2021	b	135	0	0	23.0293225	22.20874786	0.820574645
2021	b	136	0	0	22.53072011	21.73677834	0.793941777
2021	b	137	1	0	15.48608465	17.05793727	-1.571852618
2021	b	138	0	0	17.63259297	20.10155886	-2.468965885
2021	b	140	0	1	23.48046843	21.54872953	1.931738895
2021	b	142	1	0	23.75657723	21.11761859	2.638958641
2021	b	144	1	1	17.06756051	19.97945261	-2.911892099
2021	b	146	1	1	29.28519384	29.28519384	0
2021	b	148	0	1	15.96761373	15.96761373	0
2021	b	149	1	1	17.71498568	16.75792498	0.957060696
2021	b	150	1	1	16.4708561	17.66678723	-1.195931126
2021	b	152	1	1	18.03956848	22.17600911	-4.136440634
2021	b	155	0	0	17.18961879	16.99624085	0.193377943
2021	b	156	1	0	15.35263508	15.35263508	0
2021	b	157	1	1	13.12325331	15.21577069	-2.092517384
2021	b	158	0	1	18.24920301	19.55967551	-1.310472505
2021	b	159	0	0	22.15707114	22.37145691	-0.214385775
2021	b	164	0	1	15.28979768	15.28979768	0
2021	b	166	1	1	18.63506427	20.11463055	-1.479566285
2021	b	167	0	1	19.47810432	19.47810432	0
2021	c	169	0	1	20.62699425	20.62699425	0
2021	c	171	0	1	19.87354062	19.55967551	0.313865105
2021	c	172	1	0	18.19391271	19.88318151	-1.689268792
2021	c	174	1	0	17.0682626	17.29559326	-0.227330659
2021	c	176	1	0	18.3782595	18.3782595	0
2021	c	178	1	0	17.37030733	17.37030733	0
2021	c	180	1	0	15.84374639	16.95966382	-1.115917436
2021	c	181	1	0	16.96509163	17.71509799	-0.750006361
2021	c	182	0	1	27.72065932	27.72065932	0
2021	c	183	1	0	22.08305612	21.34003358	0.743022539
2021	c	184	1	1	27.83475689	23.33324741	4.501509485
2021	c	185	1	1	19.52947895	17.94978364	1.579695308
2021	c	189	1	1	20.14561227	21.27866138	-1.133049107
2021	c	190	1	1	15.82858073	20.11463055	-4.286049817
2021	c	191	0	1	14.86820287	17.66464697	-2.796444107
2021	c	195	1	1	22.03488228	21.01112747	1.023754814
2021	c	197	1	1	21.23774543	21.23774543	0
2021	c	198	0	0	19.34243001	19.34243001	0
2021	c	199	0	0	12.64572808	12.64572808	0
2021	c	200	0	0	25.28869397	21.0607169	4.227977067
2021	c	201	1	0	13.60958394	16.4761483	-2.86656436
2021	c	202	1	0	21.19642535	21.19642535	0
2021	c	204	1	0	17.05409853	17.99169513	-0.937596596
2021	c	205	0	1	25.36700872	22.980901	2.386107715
2021	c	206	0	1	26.89509309	23.01734949	3.877743603
2021	c	207	0	0	19.20142698	20.18840121	-0.98697423
2021	c	208	1	1	19.71404585	17.6330845	2.080961351
2021	c	210	1	0	18.47182869	18.47182869	0
2021	c	211	0	0	17.56054775	17.77372816	-0.213180408
2021	c	212	0	1	19.60780062	19.60780062	0
2021	c	215	1	0	18.02551188	21.44318646	-3.417674571
2021	c	216	1	0	17.07296913	17.07296913	0
2021	c	218	0	0	22.66015226	23.95961008	-1.299457822
2021	c	219	0	0	23.2964673	23.2964673	0
2021	c	222	1	1	15.09809466	19.18440162	-4.086306961
2021	c	224	1	0	17.15310708	17.15310708	0
2021	c	225	0	1	17.56161379	16.78804858	0.773565213
2021	c	228	1	0	24.05144558	21.6224627	2.428982876
2021	c	229	1	1	12.868348	12.868348	0
2021	c	230	0	1	18.43494734	17.13766258	1.297284764
2021	c	231	1	0	18.23512144	20.59365981	-2.358538371
2021	c	232	1	0	32.03527399	32.03527399	0
2021	c	233	1	1	15.41225839	20.11463055	-4.702372157
2021	c	234	1	1	21.84611495	21.84611495	0
2021	c	235	0	0	24.29587584	22.6388111	1.657064736
2021	c	237	1	1	21.93909977	23.34972311	-1.410623335
2021	c	241	1	0	20.58192247	19.69280813	0.88911434
2021	c	242	0	0	23.55600853	23.55600853	0
2021	c	243	0	0	24.27751607	21.08140833	3.196107737
2021	c	244	1	1	16.43627723	17.22217964	-0.785902404
2021	c	247	0	0	21.60112677	19.843164	1.75796277
2021	c	248	1	1	23.90577998	23.90577998	0
2021	c	250	0	0	20.08356801	20.08356801	0
2021	c	251	1	1	16.51360292	16.51360292	0
2021	d	253	0	0	19.64737618	21.51454486	-1.86716868
2021	d	256	0	0	18.54140615	18.62180444	-0.080398293
2021	d	258	0	0	16.77339363	16.93664042	-0.16324679
2021	d	260	1	1	14.06281036	17.80516095	-3.742350592
2021	d	262	1	1	16.44587796	16.44587796	0
2021	d	263	0	0	25.8864795	22.05718434	3.829295159
2021	d	266	1	0	19.00459364	18.54021091	0.464382724
2021	d	267	1	1	26.55064323	23.12077368	3.429869551
2021	d	268	1	0	15.22246794	19.44509158	-4.222623641
2021	d	269	1	0	18.03906561	18.25018948	-0.211123868
2021	d	271	1	1	19.20006108	17.6018918	1.598169277
2021	d	273	1	0	18.84906404	19.07450671	-0.225442666
2021	d	274	1	1	18.47817093	18.47817093	0
2021	d	275	1	0	12.85473142	12.85473142	0
2021	d	278	0	1	21.07713788	21.07713788	0
2021	d	279	1	0	16.87104346	16.87104346	0
2021	d	281	0	0	12.72762599	12.72762599	0
2021	d	282	0	1	16.91168031	15.84269393	1.068986377
2021	d	284	0	0	17.76093617	17.06114487	0.699791298
2021	d	286	0	0	22.08395916	22.08395916	0
2021	d	287	0	1	25.18629385	25.27764552	-0.09135167
2021	d	289	1	0	21.84626176	22.5586546	-0.712392843
2021	d	290	0	0	18.75437053	19.843164	-1.088793474
2021	d	291	1	0	18.00239927	19.8467652	-1.84436593
2021	d	292	0	1	39.53275337	39.53275337	0
2021	d	294	0	1	21.34303385	21.34303385	0
2021	d	295	0	1	18.03698871	19.55967551	-1.522686803
2021	d	297	1	1	25.52714625	22.77833222	2.748814028
2021	d	298	1	1	21.40875216	21.40875216	0
2021	d	299	0	1	23.41594587	23.41594587	0
2021	d	304	0	0	24.00872808	22.45322224	1.555505833
2021	d	305	1	0	23.22246413	21.43082203	1.791642095
2021	d	307	1	1	18.10529487	17.58035119	0.524943677
2021	d	308	1	0	19.10331271	19.67452598	-0.571213274
2021	d	309	0	1	13.84814841	15.0317506	-1.183602181
2021	d	310	0	1	18.02899369	19.64646784	-1.617474144
2021	d	312	0	1	17.58333998	17.04985781	0.533482171
2021	d	313	0	0	21.54775502	21.54775502	0
2021	d	315	1	1	18.73326365	18.73326365	0
2021	d	317	0	1	23.84172039	20.87679511	2.964925274
2021	d	318	0	0	20.35533162	20.35533162	0
2021	d	321	0	1	16.54250729	16.54250729	0
2021	d	322	0	0	19.47630332	20.31433353	-0.838030208
2021	d	323	1	1	22.49197383	22.45797064	0.034003185
2021	d	325	0	1	23.381513	21.26228769	2.119225305
2021	d	326	1	0	21.94624525	21.89741699	0.04882826
2021	d	327	1	0	19.55847895	19.55847895	0
2021	d	328	0	1	19.38641623	19.55967551	-0.173259282
2021	d	329	0	0	14.00271895	14.00271895	0
2021	d	330	1	1	15.75438966	15.75438966	0
2021	d	333	1	1	17.23578006	19.91660029	-2.68082023
2021	d	334	0	0	26.50217698	26.50217698	0
2021	d	335	0	0	16.80668834	16.80668834	0
2021	d	336	1	0	15.8135835	17.98077611	-2.167192605
2022	a	1	1	1	20.5855741	20.19327476	0.392299338
2022	a	4	1	0	20.12149766	20.12149766	0
2022	a	6	0	0	16.7420385	16.7420385	0
2022	a	8	1	0	23.2095134	23.2095134	0
2022	a	11	0	1	17.36884036	16.85285007	0.515990285
2022	a	13	0	1	25.07380177	23.15753086	1.916270915
2022	a	15	0	0	19.11177909	18.39385134	0.717927749
2022	a	16	1	1	16.6211523	16.6211523	0
2022	a	17	1	0	24.01169696	24.01169696	0
2022	a	18	0	0	20.50251333	20.59693414	-0.094420813
2022	a	20	1	1	34.23879192	34.23879192	0
2022	a	21	0	0	19.03638054	19.843164	-0.806783461
2022	a	24	1	0	23.22499405	23.65724752	-0.432253465
2022	a	25	1	0	16.99058993	17.46310995	-0.472520017
2022	a	26	1	1	21.74385974	21.74385974	0
2022	a	30	1	0	12.76737927	12.76737927	0
2022	a	31	0	1	18.36916026	18.36916026	0
2022	a	32	1	0	22.72521167	22.72521167	0
2022	a	33	0	1	19.15331324	22.09869776	-2.945384522
2022	a	35	0	0	20.57316625	20.01975773	0.553408515
2022	a	36	0	1	23.07736962	22.58642306	0.490946557
2022	a	39	0	1	17.8548645	19.32742135	-1.472556851
2022	a	40	1	0	24.35408091	22.2998359	2.054245008
2022	a	41	1	1	14.7327638	16.84771426	-2.114950461
2022	a	42	1	0	18.19162961	18.11503821	0.076591399
2022	a	43	1	0	19.80294277	19.67452598	0.128416784
2022	a	44	0	1	16.83034122	18.53930978	-1.708968562
2022	a	45	1	1	16.97319316	16.97319316	0
2022	a	46	0	0	13.39834718	16.81213596	-3.41378878
2022	a	47	0	1	17.20953502	17.20953502	0
2022	a	48	1	1	25.57146129	23.46390169	2.107559596
2022	a	49	0	1	17.23455663	17.59235545	-0.357798812
2022	a	50	1	1	17.37581529	16.39323489	0.982580396
2022	a	52	1	0	19.74700675	19.74700675	0
2022	a	53	0	1	27.29745394	20.62427404	6.673179895
2022	a	54	0	0	18.62395046	17.9942765	0.629673952
2022	a	56	0	0	18.86562654	18.86562654	0
2022	a	58	0	0	25.6128844	22.22819741	3.384686986
2022	a	59	1	0	18.57860361	19.67452598	-1.095922375
2022	a	60	0	1	23.12435799	23.12435799	0
2022	a	66	0	0	18.07076729	18.23322841	-0.162461126
2022	a	67	0	0	18.31918124	18.31918124	0
2022	a	68	0	0	17.36079045	18.78773279	-1.42694234
2022	a	69	1	1	27.56619905	22.1722752	5.393923851
2022	a	70	0	0	19.95522804	20.12228962	-0.167061582
2022	a	71	0	1	10.56930297	10.56930297	0
2022	a	74	0	1	21.35713874	24.04352994	-2.686391199
2022	a	75	1	0	20.83449372	19.81376645	1.020727275
2022	a	78	1	0	24.98464465	24.98464465	0
2022	a	79	1	1	18.21028	18.21028	0
2022	a	80	1	0	24.9876491	22.31559039	2.672058708
2022	a	81	0	1	14.67133829	14.67133829	0
2022	a	82	0	1	16.29197706	16.94056552	-0.648588455
2022	a	83	1	1	15.71555919	20.11463055	-4.399071365
2022	b	86	0	1	24.7037445	23.38362624	1.320118251
2022	b	88	1	0	18.53811988	18.53811988	0
2022	b	89	1	1	28.18619586	23.71276588	4.47342998
2022	b	90	0	0	16.88193597	19.85204012	-2.970104156
2022	b	91	1	1	19.89116054	19.89116054	0
2022	b	93	0	0	20.77062571	20.77062571	0
2022	b	94	1	0	23.89078165	20.61951557	3.271266077
2022	b	95	0	0	15.83022611	15.83022611	0
2022	b	96	0	1	19.35227562	19.35227562	0
2022	b	97	1	1	12.34918457	12.34918457	0
2022	b	98	1	0	16.10324919	17.79763226	-1.694383078
2022	b	99	1	0	16.49323339	19.67452598	-3.181292596
2022	b	100	0	1	19.77168488	18.99972713	0.771957756
2022	b	102	1	1	26.6787127	24.06052865	2.618184042
2022	b	106	1	1	20.48749162	24.04831036	-3.560818741
2022	b	107	1	1	20.50196389	21.02793664	-0.525972749
2022	b	108	0	1	19.16120824	19.60042522	-0.439216987
2022	b	109	0	1	16.910715	16.73668041	0.174034593
2022	b	110	0	1	18.95117328	20.69481978	-1.743646501
2022	b	113	1	1	26.47979739	26.47979739	0
2022	b	114	0	0	32.52226631	32.52226631	0
2022	b	115	1	1	19.30795194	19.30795194	0
2022	b	117	0	0	18.01331267	19.843164	-1.829851332
2022	b	119	0	0	18.67264097	18.67264097	0
2022	b	120	0	1	16.5352089	15.90989959	0.625309316
2022	b	121	0	1	15.63275855	15.63275855	0
2022	b	122	0	0	18.92764346	18.41277159	0.514871879
2022	b	124	1	1	20.08802418	18.47965783	1.608366344
2022	b	125	0	0	18.16179984	17.98403927	0.177760575
2022	b	126	0	1	18.8146304	18.8146304	0
2022	b	127	0	1	18.01426847	17.05206287	0.962205596
2022	b	129	0	0	22.19021668	22.19021668	0
2022	b	130	1	0	21.07038945	21.07038945	0
2022	b	134	0	1	12.84780299	12.84780299	0
2022	b	135	0	0	23.2756956	22.20874786	1.066947749
2022	b	136	0	0	22.92970545	21.73677834	1.192927114
2022	b	137	1	0	14.39823728	17.05793727	-2.659699993
2022	b	138	0	0	17.52330709	20.10155886	-2.578251767
2022	b	140	0	1	25.30847271	21.54872953	3.759743178
2022	b	142	1	0	24.52148779	21.11761859	3.403869206
2022	b	144	1	1	17.56048256	19.97945261	-2.418970047
2022	b	146	1	1	29.28519384	29.28519384	0
2022	b	148	0	1	15.96761373	15.96761373	0
2022	b	149	1	1	17.08605807	16.75792498	0.328133093
2022	b	150	1	1	14.75631213	17.66678723	-2.910475102
2022	b	152	1	1	17.99842705	22.17600911	-4.177582064
2022	b	155	0	0	16.98129904	16.99624085	-0.014941813
2022	b	156	1	0	15.35263508	15.35263508	0
2022	b	157	1	1	13.2383008	15.21577069	-1.977469893
2022	b	158	0	1	16.25542327	19.55967551	-3.304252246
2022	b	159	0	0	21.23037194	22.37145691	-1.141084973
2022	b	164	0	1	15.28979768	15.28979768	0
2022	b	166	1	1	17.56383742	20.11463055	-2.550793132
2022	b	167	0	1	19.47810432	19.47810432	0
2022	c	169	0	1	20.62699425	20.62699425	0
2022	c	171	0	1	19.2424963	19.55967551	-0.317179213
2022	c	172	1	0	17.96852107	19.88318151	-1.914660438
2022	c	174	1	0	16.70477726	17.29559326	-0.590815996
2022	c	176	1	0	18.3782595	18.3782595	0
2022	c	178	1	0	17.37030733	17.37030733	0
2022	c	180	1	0	15.82030645	16.95966382	-1.139357374
2022	c	181	1	0	16.92753445	17.71509799	-0.787563542
2022	c	182	0	1	27.72065932	27.72065932	0
2022	c	183	1	0	21.21739151	21.34003358	-0.122642069
2022	c	184	1	1	28.49754967	23.33324741	5.164302262
2022	c	185	1	1	18.77873013	17.94978364	0.82894649
2022	c	189	1	1	20.00445527	21.27866138	-1.274206111
2022	c	190	1	1	16.17353956	20.11463055	-3.94109099
2022	c	191	0	1	14.69540518	17.66464697	-2.969241789
2022	c	195	1	1	21.25833061	21.01112747	0.247203144
2022	c	197	1	1	21.23774543	21.23774543	0
2022	c	198	0	0	19.34243001	19.34243001	0
2022	c	199	0	0	12.64572808	12.64572808	0
2022	c	200	0	0	26.19417981	21.0607169	5.133462907
2022	c	201	1	0	13.62272417	16.4761483	-2.85342413
2022	c	202	1	0	21.19642535	21.19642535	0
2022	c	204	1	0	17.15050869	17.99169513	-0.841186438
2022	c	205	0	1	23.21656348	22.980901	0.235662479
2022	c	206	0	1	26.44477851	23.01734949	3.427429028
2022	c	207	0	0	19.25221473	20.18840121	-0.936186485
2022	c	208	1	1	19.01701068	17.6330845	1.383926177
2022	c	210	1	0	18.47182869	18.47182869	0
2022	c	211	0	0	18.00598419	17.77372816	0.232256032
2022	c	212	0	1	19.60780062	19.60780062	0
2022	c	215	1	0	16.56262883	21.44318646	-4.880557627
2022	c	216	1	0	17.07296913	17.07296913	0
2022	c	218	0	0	21.80715073	23.95961008	-2.152459343
2022	c	219	0	0	23.2964673	23.2964673	0
2022	c	222	1	1	15.56534932	19.18440162	-3.619052294
2022	c	224	1	0	17.15310708	17.15310708	0
2022	c	225	0	1	17.82373729	16.78804858	1.035688714
2022	c	228	1	0	24.06100897	21.6224627	2.438546268
2022	c	229	1	1	12.868348	12.868348	0
2022	c	230	0	1	17.75382539	17.13766258	0.616162815
2022	c	231	1	0	18.12120871	20.59365981	-2.472451103
2022	c	232	1	0	32.03527399	32.03527399	0
2022	c	233	1	1	16.27383665	20.11463055	-3.840793897
2022	c	234	1	1	21.84611495	21.84611495	0
2022	c	235	0	0	23.49769717	22.6388111	0.858886073
2022	c	237	1	1	21.49311512	23.34972311	-1.856607983
2022	c	241	1	0	20.13200639	19.69280813	0.439198268
2022	c	242	0	0	23.55600853	23.55600853	0
2022	c	243	0	0	23.40485901	21.08140833	2.323450677
2022	c	244	1	1	16.46942955	17.22217964	-0.752750089
2022	c	247	0	0	21.29665897	19.843164	1.453494964
2022	c	248	1	1	23.90577998	23.90577998	0
2022	c	250	0	0	20.08356801	20.08356801	0
2022	c	251	1	1	16.51360292	16.51360292	0
2022	d	253	0	0	19.33118962	21.51454486	-2.183355241
2022	d	256	0	0	19.05830609	18.62180444	0.436501645
2022	d	258	0	0	17.34373351	16.93664042	0.407093093
2022	d	260	1	1	14.11061895	17.80516095	-3.694542001
2022	d	262	1	1	16.44587796	16.44587796	0
2022	d	263	0	0	23.65407068	22.05718434	1.596886339
2022	d	266	1	0	19.14129444	18.54021091	0.601083532
2022	d	267	1	1	26.35163505	23.12077368	3.230861375
2022	d	268	1	0	15.37644781	19.44509158	-4.068643765
2022	d	269	1	0	18.04770676	18.25018948	-0.202482713
2022	d	271	1	1	19.29352384	17.6018918	1.691632041
2022	d	273	1	0	18.19292611	19.07450671	-0.881580595
2022	d	274	1	1	18.47817093	18.47817093	0
2022	d	275	1	0	12.85473142	12.85473142	0
2022	d	278	0	1	21.07713788	21.07713788	0
2022	d	279	1	0	16.87104346	16.87104346	0
2022	d	281	0	0	12.72762599	12.72762599	0
2022	d	282	0	1	17.1348714	15.84269393	1.292177464
2022	d	284	0	0	18.09992167	17.06114487	1.038776801
2022	d	286	0	0	22.08395916	22.08395916	0
2022	d	287	0	1	24.19221321	25.27764552	-1.085432309
2022	d	289	1	0	24.24894033	22.5586546	1.690285731
2022	d	290	0	0	18.93651689	19.843164	-0.906647116
2022	d	291	1	0	17.6686	19.8467652	-2.178165198
2022	d	292	0	1	39.53275337	39.53275337	0
2022	d	294	0	1	21.34303385	21.34303385	0
2022	d	295	0	1	18.26110167	19.55967551	-1.298573838
2022	d	297	1	1	26.67750387	22.77833222	3.899171648
2022	d	298	1	1	21.40875216	21.40875216	0
2022	d	299	0	1	23.41594587	23.41594587	0
2022	d	304	0	0	23.05860433	22.45322224	0.60538209
2022	d	305	1	0	24.12881415	21.43082203	2.697992114
2022	d	307	1	1	17.15673869	17.58035119	-0.423612503
2022	d	308	1	0	19.03199626	19.67452598	-0.642529722
2022	d	309	0	1	13.79795108	15.0317506	-1.233799513
2022	d	310	0	1	17.14503949	19.64646784	-2.501428344
2022	d	312	0	1	17.05250136	17.04985781	0.002643547
2022	d	313	0	0	21.54775502	21.54775502	0
2022	d	315	1	1	18.73326365	18.73326365	0
2022	d	317	0	1	23.7350105	20.87679511	2.858215384
2022	d	318	0	0	20.35533162	20.35533162	0
2022	d	321	0	1	16.54250729	16.54250729	0
2022	d	322	0	0	19.63462117	20.31433353	-0.679712358
2022	d	323	1	1	22.58692295	22.45797064	0.128952302
2022	d	325	0	1	20.71022302	21.26228769	-0.552064674
2022	d	326	1	0	22.82324599	21.89741699	0.925828999
2022	d	327	1	0	19.55847895	19.55847895	0
2022	d	328	0	1	18.92334859	19.55967551	-0.636326923
2022	d	329	0	0	14.00271895	14.00271895	0
2022	d	330	1	1	15.75438966	15.75438966	0
2022	d	333	1	1	17.30183101	19.91660029	-2.614769281
2022	d	334	0	0	26.50217698	26.50217698	0
2022	d	335	0	0	16.80668834	16.80668834	0
2022	d	336	1	0	16.91409971	17.98077611	-1.066676394
